v3.0 hex words addressed
00: 93 00 b0 10 13 01 50 b3 93 01 50 00 13 02 50 00
10: 93 02 50 00 13 03 50 00 93 03 50 00 13 04 50 00
20: 93 04 50 00 13 05 50 00 93 05 50 00 13 06 50 00
30: 93 06 50 00 13 07 50 00 93 07 50 00 13 08 50 00
40: 93 08 50 00 13 09 50 00 93 09 50 00 13 0a 50 00
50: 93 0a 50 00 13 0b 50 00 93 0b 50 00 13 0c 50 00
60: 93 0c 50 00 13 0d 50 00 93 0d 50 00 13 0e 50 00
70: 93 0e 50 00 13 0f 50 00 93 0f 50 00 00 00 00 00
80: 00 00 00 00 00 00 00 00 00 00 00 00 00 00 00 00
90: 00 00 00 00 00 00 00 00 00 00 00 00 00 00 00 00
a0: 00 00 00 00 00 00 00 00 00 00 00 00 00 00 00 00
b0: 00 00 00 00 00 00 00 00 00 00 00 00 00 00 00 00
c0: 00 00 00 00 00 00 00 00 00 00 00 00 00 00 00 00
d0: 00 00 00 00 00 00 00 00 00 00 00 00 00 00 00 00
e0: 00 00 00 00 00 00 00 00 00 00 00 00 00 00 00 00
f0: 00 00 00 00 00 00 00 00 00 00 00 00 00 00 00 00
